x [pixels], y [pixels], u [pixels], v [pixels], SNR [peak/mean], valid [0 if masked], filtered [1 if filtered], avg. intensity
         0	       369	-0.1635647124	-5.168595648	25.40899867	1	0	31.91699219
        16	       369	-0.214107226	-5.317644003	23.00053247	1	0	33.92285156
        32	       369	-0.4585852656	-5.799243728	27.49721319	1	0	24.39257812
        48	       369	-0.5911609676	-6.067959928	23.67697867	1	0	     30.25
        64	       369	-0.2630265676	-6.159757337	32.45168643	1	0	38.59570312
        80	       369	-0.1837036529	-6.123132937	34.82742196	1	0	   37.3125
        96	       369	-0.2679188219	-6.035052125	28.78763249	1	0	31.59082031
       112	       369	-0.2421609212	-5.89667206	 24.689809	1	0	23.54492188
       128	       369	-0.06216983819	-5.720435885	17.18738588	1	0	 20.421875
       144	       369	0.4453529987	-5.608739918	20.52732322	1	0	22.15527344
       160	       369	0.6785510291	-6.062159983	23.64800798	1	0	25.00976562
       176	       369	0.6171572615	-5.870142176	22.85487068	1	0	  27.71875
       192	       369	0.7674867601	-5.8868766	32.2262303	1	0	27.46582031
       208	       369	0.9790419253	-5.997468144	32.47032595	1	0	25.55273438
       224	       369	0.7576713017	-5.598582699	17.68869728	1	0	32.43457031
       240	       369	0.2276492525	-4.922563622	21.9199114	1	0	42.47363281
       256	       369	0.1492476709	-5.065177893	22.52275384	1	0	40.00878906
       272	       369	-0.08076520332	-6.137368481	28.11559124	1	0	46.00976562
       288	       369	-0.02271987777	-6.156330746	26.03991148	1	0	45.19921875
       304	       369	0.1914245461	-6.049229828	35.75907356	1	0	32.66894531
       320	       369	-0.1205843834	-6.005492591	41.53561142	1	0	35.88769531
       336	       369	-0.2925862751	-5.784013434	39.43160837	1	0	38.18945312
       352	       369	-0.2476262138	-5.583225022	38.06696311	1	0	33.45800781
       368	       369	-0.0213254008	-5.774672577	38.31064828	1	0	29.47265625
       384	       369	-0.2146662166	-5.824524481	31.60398081	1	0	26.64550781
       400	       369	-0.3278052858	-5.319271031	31.30311167	1	0	26.49511719
       416	       369	-0.1430699895	-5.140699686	37.52816959	1	0	27.50097656
       432	       369	-0.01732318597	-5.664653978	26.00463378	1	0	30.74902344
       448	       369	-0.04769357126	-5.858679658	23.62448158	1	0	32.91210938
       464	       369	-1.200847864	-5.357694422	22.00036686	1	0	34.20605469
         0	       353	0.006439055152	-5.225128504	25.30371846	1	0	29.84179688
        16	       353	-0.04516972714	-5.457966429	24.35553589	1	0	33.72949219
        32	       353	-0.2837186874	-5.848270247	22.00899598	1	0	31.95410156
        48	       353	-0.2051662684	-6.128051974	26.85660572	1	0	32.67480469
        64	       353	-0.1307243311	-6.128937826	39.57875122	1	0	30.49414062
        80	       353	-0.03257152449	-6.051857493	36.44687327	1	0	30.19921875
        96	       353	-0.00879206663	-6.054073917	31.37669836	1	0	28.68554688
       112	       353	0.288821779	-6.009255887	25.13433408	1	0	24.94042969
       128	       353	0.396244331	-5.748327581	17.88707163	1	0	25.86035156
       144	       353	0.2853618514	-5.755708792	20.9888365	1	0	30.15820312
       160	       353	0.3747646153	-5.881436499	28.72428428	1	0	32.73925781
       176	       353	0.1709475318	-5.929471448	28.48507603	1	0	27.34277344
       192	       353	0.2072215375	-5.671419982	21.68379526	1	0	21.17382812
       208	       353	0.6548064327	-5.906704423	24.04441453	1	0	22.60351562
       224	       353	0.06710802527	-5.266327487	24.17790306	1	0	34.58496094
       240	       353	-0.3257957871	-4.833194879	29.02765837	1	0	45.84667969
       256	       353	-0.3547824935	-4.879107678	31.60380051	1	0	39.89453125
       272	       353	-0.206209309	-5.604893563	32.65690237	1	0	37.22265625
       288	       353	-0.1466163549	-5.72601966	35.29936525	1	0	   41.6875
       304	       353	0.07212520531	-5.630200412	27.26049679	1	0	38.97949219
       320	       353	0.1054192614	-5.949695877	35.17878492	1	0	38.23535156
       336	       353	-0.1259657054	-5.947363376	36.39329445	1	0	 38.703125
       352	       353	-0.377724488	-5.698463951	33.43046506	1	0	35.94238281
       368	       353	-0.3921619912	-5.659038262	27.65486621	1	0	34.03613281
       384	       353	-0.22080423	-5.751978597	26.67885326	1	0	28.25488281
       400	       353	-0.2667360475	-5.189574812	32.93366213	1	0	27.84667969
       416	       353	-0.2931076754	-5.142056927	33.97788917	1	0	  28.65625
       432	       353	0.1728635295	-5.898055077	28.71368327	1	0	26.40820312
       448	       353	0.2028869638	-6.170199251	28.78216533	1	0	31.04492188
       464	       353	-0.6287220662	-5.891971489	15.83184635	1	0	    31.375
         0	       337	-0.4655315846	-5.2019083	28.8496732	1	0	31.45800781
        16	       337	-0.5001696076	-5.483648413	24.73024035	1	0	31.29296875
        32	       337	-0.2976873501	-5.940142679	23.15402397	1	0	31.63964844
        48	       337	-0.07231163996	-6.175588833	31.98860012	1	0	27.61816406
        64	       337	0.07857529929	-6.229368886	29.65717047	1	0	 21.609375
        80	       337	0.1047023975	-6.105920021	32.7930302	1	0	27.48730469
        96	       337	0.1667771541	-6.070652941	34.12480758	1	0	31.28613281
       112	       337	0.4799314607	-5.854659555	29.32007928	1	0	29.21484375
       128	       337	0.3254037136	-5.781394051	31.09479265	1	0	30.27246094
       144	       337	0.2867159822	-5.747276102	27.53014202	1	0	34.98046875
       160	       337	0.621001641	-5.88750383	26.02906399	1	0	30.07226562
       176	       337	0.6192837667	-6.207855683	20.87995734	1	0	23.07128906
       192	       337	0.5714698341	-6.12864229	15.39784424	1	0	24.32226562
       208	       337	-0.1335833206	-6.020261229	24.37608472	1	0	26.46289062
       224	       337	-0.2729321324	-5.272802305	19.44510311	1	0	34.97167969
       240	       337	-0.475277113	-4.79597663	 27.593856	1	0	40.10839844
       256	       337	-0.6021844389	-4.806159125	27.56283314	1	0	36.57226562
       272	       337	-0.4666717754	-5.142607219	25.16331139	1	0	37.21972656
       288	       337	-0.2286946769	-5.227221041	33.21201481	1	0	38.22167969
       304	       337	-0.1120552762	-5.339982365	32.68995301	1	0	39.92578125
       320	       337	-0.04199957561	-5.656886437	30.28954639	1	0	38.99902344
       336	       337	0.08494305512	-6.050527426	39.22192306	1	0	38.64550781
       352	       337	-0.073097226	-5.890310436	42.29679175	1	0	41.50292969
       368	       337	-0.2801363921	-5.687423075	34.6574055	1	0	42.48144531
       384	       337	-0.2898612452	-5.541114453	25.18675645	1	0	37.58203125
       400	       337	-0.3215991011	-5.235897023	32.13588215	1	0	33.34472656
       416	       337	-0.3298900346	-5.205366448	33.48505632	1	0	32.91308594
       432	       337	-0.3523201476	-5.45421826	21.80076712	1	0	23.29492188
       448	       337	-0.1488075648	-6.76612052	18.76926075	1	0	   26.4375
       464	       337	-0.3743502454	-6.604547566	17.53894306	1	0	29.67871094
         0	       321	-0.7385397871	-5.059305883	29.59723462	1	0	27.51464844
        16	       321	-0.7008188181	-5.405940406	27.25233557	1	0	27.99511719
        32	       321	-0.9804615146	-5.900603339	27.97215176	1	0	27.66992188
        48	       321	-0.9262641442	-6.036206046	23.36666104	1	0	21.37011719
        64	       321	-0.1636710564	-6.176116848	25.84343581	1	0	19.82421875
        80	       321	0.0150586794	-6.121059352	38.65482098	1	0	29.47167969
        96	       321	0.1124026699	-6.050392584	38.10530606	1	0	33.06347656
       112	       321	0.3338053751	-5.913869371	34.92848508	1	0	29.76953125
       128	       321	0.479999579	-5.697864125	25.96933456	1	0	28.31640625
       144	       321	0.8346354609	-5.105911901	24.99202264	1	0	28.69042969
       160	       321	0.6858416763	-4.900894236	18.27447977	1	0	22.37792969
       176	       321	0.4986757436	-5.979653043	14.57120693	1	0	22.31738281
       192	       321	-0.3837861925	-5.805522908	27.52194353	1	0	31.44628906
       208	       321	-0.6037407503	-5.68376015	31.67106633	1	0	32.76953125
       224	       321	-0.3047375967	-5.140463611	28.48008485	1	0	33.38378906
       240	       321	-0.6021995058	-4.851268361	31.48870078	1	0	33.34863281
       256	       321	-0.8021987452	-4.87211745	27.32443578	1	0	34.55761719
       272	       321	-0.6288163682	-5.101642794	27.24915912	1	0	38.11816406
       288	       321	-0.5328887287	-5.097344387	29.20526897	1	0	  31.59375
       304	       321	-0.3274321448	-5.305394577	31.50051786	1	0	31.77148438
       320	       321	-0.319544577	-5.363849346	30.92884939	1	0	36.29199219
       336	       321	0.01626228221	-5.878933605	36.02757039	1	0	38.66210938
       352	       321	0.0351007535	-5.921165296	41.29198992	1	0	39.17285156
       368	       321	-0.146556524	-5.781796914	34.83714758	1	0	38.13085938
       384	       321	-0.3352585341	-5.637756666	25.5767609	1	0	35.59179688
       400	       321	-0.459958627	-5.194483027	28.32606026	1	0	32.41503906
       416	       321	-0.4981992386	-5.162212886	29.23587134	1	0	35.48925781
       432	       321	-0.5834411412	-5.368971074	17.87038567	1	0	29.34179688
       448	       321	-0.3970050581	-6.873119638	15.49559404	1	0	30.13183594
       464	       321	-0.285339003	-6.686465412	16.26272559	1	0	33.78320312
         0	       305	0.07086890005	-5.134204845	34.6688984	1	0	25.15234375
        16	       305	-0.1250901316	-5.310992182	 25.498585	1	0	25.1953125
        32	       305	-0.8699501721	-5.867638339	34.50318939	1	0	24.52148438
        48	       305	-0.7932112067	-5.987252242	30.69088942	1	0	23.19335938
        64	       305	-0.03779076978	-5.453049832	24.82839621	1	0	24.36621094
        80	       305	0.07813954514	-5.593907636	30.66914952	1	0	31.46289062
        96	       305	0.2745863375	-5.628939146	32.27743366	1	0	31.99804688
       112	       305	0.4856910545	-5.500546674	24.02130089	1	0	29.84667969
       128	       305	0.7461064463	-5.229502936	26.75512265	1	0	30.73535156
       144	       305	1.000908794	-5.048834885	35.71853009	1	0	28.63671875
       160	       305	0.7769026255	-5.261709529	24.81300953	1	0	25.37988281
       176	       305	0.02852937517	-6.215343524	19.42340224	1	0	25.30957031
       192	       305	-0.6663920296	-5.775008159	21.4383705	1	0	27.40722656
       208	       305	-0.3054374065	-5.449523046	27.40538522	1	0	30.59082031
       224	       305	-0.1017984011	-5.38744304	27.4022328	1	0	27.35644531
       240	       305	-0.5185867226	-4.863925194	24.54673327	1	0	24.91308594
       256	       305	-0.4082293721	-4.910635394	24.29152687	1	0	29.23828125
       272	       305	-0.4252264248	-4.916242313	27.56983898	1	0	34.90820312
       288	       305	-0.4223428604	-5.089668662	28.27859211	1	0	32.57128906
       304	       305	-0.275803047	-5.473439447	23.69494666	1	0	31.23535156
       320	       305	-0.4577900943	-5.573136498	26.42282268	1	0	35.34765625
       336	       305	-0.3256058158	-5.68199639	29.58075784	1	0	   31.6875
       352	       305	-0.2372087597	-5.967700764	31.92866904	1	0	26.92773438
       368	       305	-0.3191851243	-6.116815397	34.51402309	1	0	29.77246094
       384	       305	-0.3612501771	-5.995912922	27.21643844	1	0	29.0234375
       400	       305	0.0248910003	-5.125915196	24.92995258	1	0	25.69726562
       416	       305	-0.1776335314	-5.228116281	30.49731723	1	0	30.81640625
       432	       305	-0.5675293792	-5.796665222	27.4444386	1	0	33.43359375
       448	       305	-0.6098032043	-6.221921672	23.8089178	1	0	35.54394531
       464	       305	-0.1961605724	-6.065347405	23.3582742	1	0	32.77246094
         0	       289	0.1161352654	-5.073416869	23.62090441	1	0	26.01171875
        16	       289	0.1216361914	-5.33528034	17.70588269	1	0	23.14160156
        32	       289	0.1049202031	-5.330901532	18.85783865	1	0	21.50683594
        48	       289	0.02006014237	-5.399624515	29.82360973	1	0	20.36132812
        64	       289	0.09256489187	-5.21159883	36.29635435	1	0	23.4921875
        80	       289	0.3167074254	-5.09487445	34.79425566	1	0	28.70996094
        96	       289	0.5662290246	-5.247442198	30.34341849	1	0	32.09179688
       112	       289	0.6799899635	-5.125938759	36.86026972	1	0	30.52636719
       128	       289	0.5405553472	-4.948613665	38.32845425	1	0	28.29492188
       144	       289	0.5342671535	-5.072827023	33.6192536	1	0	26.09277344
       160	       289	0.2285268151	-5.836474752	27.75988279	1	0	25.33886719
       176	       289	0.1057423574	-6.278637629	27.36801572	1	0	26.4921875
       192	       289	0.03545801419	-6.053251514	27.44772893	1	0	21.82128906
       208	       289	0.07397144182	-5.598388905	23.79932236	1	0	26.63183594
       224	       289	-0.04980839653	-5.559858242	26.26717911	1	0	32.79492188
       240	       289	-0.3738728085	-5.166321003	26.24943345	1	0	30.46679688
       256	       289	-0.2879574392	-4.943212963	24.89141277	1	0	27.92382812
       272	       289	-0.5060376144	-4.943917513	29.96538039	1	0	32.09472656
       288	       289	-0.4923895254	-5.047289116	25.94419923	1	0	37.06738281
       304	       289	-0.6698238017	-5.514428142	26.54265474	1	0	35.86132812
       320	       289	-0.6881434263	-5.605889183	33.42801596	1	0	30.55957031
       336	       289	-0.4882077828	-5.739030571	14.18212333	1	0	26.17773438
       352	       289	-0.7915197265	-5.760334768	19.83240441	1	0	32.20117188
       368	       289	-0.5083700925	-5.772517558	25.87394775	1	0	33.06835938
       384	       289	0.1457720558	-5.386742815	32.04093306	1	0	25.08203125
       400	       289	0.2476271021	-5.199427225	30.80043198	1	0	27.41015625
       416	       289	0.05380353236	-5.319230741	27.5329091	1	0	28.89746094
       432	       289	-0.3632280434	-5.731186857	24.80143504	1	0	27.17089844
       448	       289	-0.2592511901	-5.891011323	25.35123628	1	0	  32.59375
       464	       289	-0.071991204	-5.568997859	17.51743096	1	0	30.89257812
         0	       273	0.04215617875	-4.998606246	26.18990052	1	0	26.98925781
        16	       273	-0.06662896355	-5.666021227	29.45220341	1	0	22.03417969
        32	       273	-0.127302847	-5.589627278	24.40370453	1	0	23.29492188
        48	       273	0.07227933428	-5.531992702	18.95698759	1	0	22.63574219
        64	       273	0.5503948328	-5.149571023	20.74130034	1	0	20.07617188
        80	       273	0.7096431698	-5.127670901	 27.576989	1	0	23.71582031
        96	       273	0.814804416	-5.305969147	24.85278385	1	0	30.84179688
       112	       273	0.7319832054	-5.227685449	29.25142946	1	0	28.62597656
       128	       273	0.4240290624	-5.06200574	28.14865163	1	0	26.14355469
       144	       273	0.2031681724	-5.187716247	28.58801881	1	0	23.5390625
       160	       273	0.04939160426	-6.200916946	28.86351038	1	0	21.63574219
       176	       273	-0.05984251479	-6.340304777	26.28376151	1	0	23.19433594
       192	       273	-0.1043634206	-5.993217332	24.49750321	1	0	21.58300781
       208	       273	-0.1181638288	-5.794907924	30.14312677	1	0	26.28515625
       224	       273	-0.1754923077	-5.654108702	31.62408494	1	0	32.01074219
       240	       273	-0.4812644727	-5.291431495	27.07532432	1	0	29.66015625
       256	       273	-0.285122109	-4.808852179	25.30670462	1	0	26.2421875
       272	       273	-0.3040701705	-4.840197843	27.26134038	1	0	27.99121094
       288	       273	-0.267803598	-4.791120454	23.95445802	1	0	35.59570312
       304	       273	-0.5531727418	-5.288077174	27.81474622	1	0	37.74609375
       320	       273	-0.7161602419	-5.442716202	32.14399535	1	0	31.41308594
       336	       273	-0.9156479972	-5.639211464	29.72400674	1	0	30.72070312
       352	       273	-0.7979450315	-5.696415265	26.61487731	1	0	36.1953125
       368	       273	-0.5185451498	-5.289280668	20.74005176	1	0	35.30566406
       384	       273	-0.2261865588	-4.92997196	25.14489961	1	0	26.62402344
       400	       273	-0.1666857626	-5.348683908	23.1910957	1	0	27.92871094
       416	       273	-0.683447331	-5.599299784	23.78010017	1	0	31.74121094
       432	       273	-0.4466747427	-5.614498884	20.55624808	1	0	28.10839844
       448	       273	-0.2503155578	-5.661762348	29.88322557	1	0	     28.75
       464	       273	-0.2896145179	-5.29685013	26.36016573	1	0	28.2578125
         0	       257	-0.3405689521	-5.162693686	19.25112051	1	0	24.59863281
        16	       257	0.03941500582	-5.705844014	29.64360368	1	0	18.32421875
        32	       257	-0.09347548111	-5.870441683	26.98884707	1	0	20.29394531
        48	       257	0.03705165916	-5.914845147	28.92339854	1	0	23.11914062
        64	       257	0.3021808075	-5.828649325	26.7440663	1	0	19.00097656
        80	       257	0.1983576266	-5.66976163	23.45823068	1	0	23.22070312
        96	       257	0.3191153512	-5.581242656	21.02644413	1	0	28.93945312
       112	       257	0.4117697715	-5.582944615	21.66024394	1	0	26.81445312
       128	       257	0.1635891529	-5.621155628	31.06786617	1	0	26.81445312
       144	       257	-0.2117930626	-5.735740563	21.69221911	1	0	26.11621094
       160	       257	-0.5403557612	-6.386133622	17.31536378	1	0	24.04394531
       176	       257	-0.003502236398	-6.236244073	31.38669616	1	0	25.50195312
       192	       257	-0.02307194209	-6.184443055	30.69663913	1	0	31.89550781
       208	       257	-0.1612815092	-6.133833348	30.74587722	1	0	  29.71875
       224	       257	-0.2006509824	-5.806480749	27.82359739	1	0	 25.171875
       240	       257	-0.01485128197	-5.462136288	21.08028212	1	0	22.72070312
       256	       257	-0.03705795501	-4.721198943	26.68623561	1	0	   23.5625
       272	       257	-0.0735902142	-4.794575989	28.18818736	1	0	28.20117188
       288	       257	-0.3202789006	-4.553014972	23.66941821	1	0	36.93945312
       304	       257	-0.4786780478	-4.765150044	23.04347828	1	0	38.75097656
       320	       257	-0.2401591111	-5.43910662	27.79687505	1	0	33.88964844
       336	       257	-0.230739969	-5.506391195	29.13106413	1	0	29.79101562
       352	       257	-0.5472782814	-5.141714572	20.7070004	1	0	28.36132812
       368	       257	-0.7953101604	-5.106994427	26.63114216	1	0	32.22949219
       384	       257	-0.9090062925	-5.551624774	27.66237453	1	0	33.62402344
       400	       257	-0.7631975309	-5.672868284	25.63007113	1	0	29.74804688
       416	       257	-0.3899888393	-5.242288498	21.58157357	1	0	27.95117188
       432	       257	-0.3046588533	-5.072889416	29.87267153	1	0	32.08691406
       448	       257	-0.3450046141	-5.272635864	27.88022916	1	0	30.92773438
       464	       257	-0.3407739701	-5.27554618	30.12603601	1	0	25.55273438
         0	       241	-0.6769883315	-5.144719815	19.71925017	1	0	20.26464844
        16	       241	0.06575915967	-5.706484435	25.71865339	1	0	17.33984375
        32	       241	0.09885167247	-5.994763075	30.92851777	1	0	19.56347656
        48	       241	0.159424568	-5.861582096	26.53961238	1	0	23.26367188
        64	       241	-0.02075233563	-5.503897699	22.27618691	1	0	23.36816406
        80	       241	-0.06758321895	-5.662435667	24.38900723	1	0	26.57421875
        96	       241	0.03454695343	-5.507439288	22.3980892	1	0	27.88378906
       112	       241	0.1863686172	-5.369988774	22.41191975	1	0	24.58105469
       128	       241	-0.09751637847	-5.786860456	28.91424083	1	0	23.49316406
       144	       241	-0.7474695832	-6.095311204	31.84462287	1	0	27.1171875
       160	       241	-0.8534299686	-6.213938882	34.46289614	1	0	22.51074219
       176	       241	-0.1848623603	-5.969123342	29.52085767	1	0	23.51855469
       192	       241	-0.05895474121	-6.008141185	39.29975041	1	0	32.84277344
       208	       241	0.1492166074	-5.956724456	38.93190991	1	0	32.03027344
       224	       241	0.2949442497	-5.726795709	31.80347517	1	0	 29.828125
       240	       241	0.4353467163	-5.368205062	22.42273104	1	0	25.91796875
       256	       241	0.1805430247	-4.694628232	22.38400144	1	0	24.39941406
       272	       241	-0.237599551	-4.828741624	27.47655043	1	0	28.84863281
       288	       241	-0.6584533949	-4.747784122	32.4150399	1	0	36.03710938
       304	       241	-0.8702195762	-4.724260554	33.07888936	1	0	37.12792969
       320	       241	-0.522708247	-4.79784581	24.92700118	1	0	30.54199219
       336	       241	-0.1937079404	-5.397101878	27.58817674	1	0	27.19140625
       352	       241	-0.4381986348	-5.421983236	21.35028916	1	0	28.00195312
       368	       241	-0.4115422097	-5.468143421	15.97520197	1	0	28.16210938
       384	       241	-0.2793418424	-5.580932308	26.30699228	1	0	30.02734375
       400	       241	-0.1413174818	-5.487139762	25.52533673	1	0	30.59667969
       416	       241	0.02578357334	-5.058875706	23.36375708	1	0	31.26953125
       432	       241	-0.1071989879	-4.917012812	35.68424348	1	0	38.84472656
       448	       241	-0.2022518703	-5.051668138	33.53040206	1	0	39.72363281
       464	       241	-0.2530493342	-5.218380095	29.78200921	1	0	29.37304688
         0	       225	-0.9753987394	-4.812510304	27.27573571	1	0	20.09472656
        16	       225	-0.7305706283	-4.926556774	22.12241209	1	0	18.76757812
        32	       225	-0.1235003181	-5.986813329	41.95223234	1	0	19.45898438
        48	       225	0.01462086958	-5.807004715	31.51990169	1	0	22.07421875
        64	       225	0.09097771907	-5.333210892	 31.550194	1	0	25.7109375
        80	       225	0.08201876814	-5.352882975	31.24053254	1	0	26.90039062
        96	       225	0.05640336061	-5.336362637	29.5252938	1	0	24.74804688
       112	       225	-0.06521461603	-5.355590857	25.08143735	1	0	     24.25
       128	       225	-0.3074336665	-5.64336502	22.63837951	1	0	24.34082031
       144	       225	-0.5192835097	-5.919854584	18.57347165	1	0	21.47363281
       160	       225	-0.5097701439	-5.730694918	18.6132315	1	0	17.57617188
       176	       225	-0.4049426552	-5.611058669	21.74511861	1	0	20.38183594
       192	       225	-0.3095843383	-5.76337771	25.45359915	1	0	26.33203125
       208	       225	0.1638821022	-5.826412738	35.41119473	1	0	29.53417969
       224	       225	0.2998177183	-5.731276769	36.70864533	1	0	30.47460938
       240	       225	0.4333549648	-5.223712948	30.74651164	1	0	28.30566406
       256	       225	0.2729036705	-4.820323034	31.81270978	1	0	26.41699219
       272	       225	-0.4020773549	-4.794853695	23.00122167	1	0	28.41113281
       288	       225	-0.7353088635	-4.853001103	28.77086828	1	0	30.04882812
       304	       225	-0.8973401916	-4.73424934	36.2046052	1	0	29.81445312
       320	       225	-0.9429124158	-4.759576198	37.49244841	1	0	30.49707031
       336	       225	-0.8107799579	-5.025356821	34.02613923	1	0	 29.921875
       352	       225	-0.5593397234	-5.099849458	24.46777685	1	0	27.48144531
       368	       225	-0.374289046	-5.060197962	26.56664702	1	0	  29.65625
       384	       225	-0.3153349131	-5.228330255	22.83876961	1	0	29.08789062
       400	       225	0.09110123708	-5.307808493	24.32299803	1	0	  31.28125
       416	       225	0.0167487515	-5.127350145	33.79000425	1	0	    42.125
       432	       225	-0.001034362274	-4.93971072	39.07193051	1	0	47.51074219
       448	       225	0.05101225163	-5.015005522	39.79793811	1	0	46.9296875
       464	       225	0.1159965179	-5.045694953	34.19586564	1	0	34.83203125
         0	       209	-1.073143571	-4.726463366	19.5638066	1	0	26.08007812
        16	       209	-0.3647785166	-5.375441719	16.30764544	1	0	24.62792969
        32	       209	-0.220560228	-5.461207706	24.58021906	1	0	21.20410156
        48	       209	0.2393760131	-5.217319461	29.46636714	1	0	19.26269531
        64	       209	0.2356548164	-5.146829516	30.46976977	1	0	27.47070312
        80	       209	0.1382323821	-5.17017052	28.14288295	1	0	29.38769531
        96	       209	0.07350335316	-5.359406831	28.01283387	1	0	25.51953125
       112	       209	-0.3253677013	-5.553330438	28.10673534	1	0	25.88183594
       128	       209	-0.2689147797	-5.868549078	33.22314548	1	0	25.49511719
       144	       209	-0.005793749066	-6.070139693	36.83503552	1	0	24.50683594
       160	       209	0.09366089462	-5.593052951	23.94017066	1	0	22.93945312
       176	       209	0.1242343974	-5.164534127	37.71657495	1	0	21.16894531
       192	       209	0.174286739	-5.515774694	24.31873494	1	0	25.78027344
       208	       209	0.1905505249	-5.726760753	27.37912037	1	0	27.67480469
       224	       209	0.3466922385	-5.680786748	24.05313655	1	0	24.47949219
       240	       209	0.3536805023	-5.073013449	29.57866604	1	0	28.65332031
       256	       209	-0.08885531076	-4.969913864	27.77436705	1	0	31.27832031
       272	       209	-0.8531446268	-5.048995264	30.95206571	1	0	31.60546875
       288	       209	-0.8719003885	-4.877096289	34.88213333	1	0	31.79296875
       304	       209	-0.8272839832	-4.675332046	31.63221726	1	0	30.00683594
       320	       209	-0.8075311945	-4.627808702	30.28577175	1	0	30.11621094
       336	       209	-0.7161909895	-4.571589341	30.80500175	1	0	29.57324219
       352	       209	-0.6430273395	-4.573431608	29.96487032	1	0	26.63574219
       368	       209	-0.5755390065	-4.801163246	30.72998428	1	0	31.37792969
       384	       209	-0.5551060337	-4.950501877	30.78811252	1	0	33.08496094
       400	       209	-0.1807905797	-5.157204875	25.89613728	1	0	34.20996094
       416	       209	-0.05167670119	-5.128289601	35.92004346	1	0	     40.75
       432	       209	0.05008682508	-4.934575442	42.89327222	1	0	41.82324219
       448	       209	0.1010661272	-4.886965865	39.20756802	1	0	42.50292969
       464	       209	0.04203940165	-4.854577925	34.87637425	1	0	37.24414062
         0	       193	-1.058360513	-4.674891618	21.53916075	1	0	 31.203125
        16	       193	-0.7973194614	-4.809289393	24.85985581	1	0	30.04296875
        32	       193	-0.7441174885	-5.213466358	27.8860182	1	0	23.36425781
        48	       193	-0.6346991425	-5.156709896	24.63372001	1	0	24.04296875
        64	       193	-0.01052360276	-5.170854012	23.08875932	1	0	30.63867188
        80	       193	0.1597750474	-5.244165469	25.67688838	1	0	29.52050781
        96	       193	-0.1333823035	-5.39424859	27.80637804	1	0	25.67871094
       112	       193	-0.4535562862	-5.636729592	28.06451982	1	0	23.54980469
       128	       193	-0.2404623959	-5.885872596	30.92963823	1	0	21.02246094
       144	       193	0.06325318492	-5.888127598	38.04944165	1	0	24.28222656
       160	       193	0.03017381772	-5.57749323	31.44162427	1	0	   26.4375
       176	       193	-0.00229731681	-5.289372402	30.23436214	1	0	25.13671875
       192	       193	0.3194112491	-5.659016399	24.66083098	1	0	26.14160156
       208	       193	0.1631568277	-5.82157274	31.80438866	1	0	24.6796875
       224	       193	0.1069474808	-5.683552237	26.06093882	1	0	24.87402344
       240	       193	0.08838964361	-5.377113286	28.1044643	1	0	27.93359375
       256	       193	-0.3300548274	-5.144673385	27.16849875	1	0	30.31445312
       272	       193	-0.7683683172	-4.927206163	26.1814597	1	0	33.75488281
       288	       193	-0.7886189075	-4.733678306	31.19805033	1	0	36.05273438
       304	       193	-0.7925883065	-4.657750961	32.60469138	1	0	35.48632812
       320	       193	-0.8067320224	-4.65292706	34.21130013	1	0	28.57128906
       336	       193	-0.7035030929	-4.649057989	33.8281867	1	0	24.00878906
       352	       193	-0.7293415431	-4.66331788	28.24443567	1	0	22.00195312
       368	       193	-0.6559049301	-4.775675309	24.60344101	1	0	25.79199219
       384	       193	-0.4140518563	-4.797143473	26.85935657	1	0	30.50195312
       400	       193	-0.2128990455	-5.001645938	30.68308567	1	0	32.84277344
       416	       193	-0.07264555044	-5.076513215	34.53484754	1	0	36.28613281
       432	       193	0.0360699963	-4.997380958	39.12682091	1	0	33.18554688
       448	       193	0.06161478874	-4.802138473	35.56228964	1	0	33.11914062
       464	       193	-0.03107199635	-4.791262454	42.62948052	1	0	33.24414062
         0	       177	-0.6859406922	-4.601349741	17.28637497	1	0	30.41113281
        16	       177	-0.4257856764	-4.722458095	21.24532955	1	0	29.76855469
        32	       177	-0.5754005671	-5.114028691	28.44197533	1	0	27.66113281
        48	       177	-0.8976544225	-5.171116478	26.16900641	1	0	24.86035156
        64	       177	-0.8088244578	-4.947531616	19.69658376	1	0	23.89453125
        80	       177	-0.7044465813	-5.263659045	 23.554375	1	0	26.31347656
        96	       177	-0.7496541086	-5.76197113	29.59909263	1	0	25.46972656
       112	       177	-0.639892625	-6.103238785	30.4428482	1	0	21.83984375
       128	       177	-0.3787905547	-5.698215894	23.77710327	1	0	21.54101562
       144	       177	-0.2394813088	-5.573486661	25.83101673	1	0	22.64453125
       160	       177	-0.2080570736	-5.475261676	25.01452691	1	0	 24.171875
       176	       177	-0.1834257953	-5.259522958	29.7964561	1	0	26.61328125
       192	       177	0.05182518642	-5.344902732	22.50371543	1	0	24.12011719
       208	       177	0.04923822312	-5.67348554	25.26838708	1	0	21.27539062
       224	       177	-0.3026465227	-5.517823778	28.92462862	1	0	24.62597656
       240	       177	-0.1529453739	-5.322933046	27.40808184	1	0	  24.09375
       256	       177	-0.173944527	-4.995707799	26.66574734	1	0	26.29980469
       272	       177	-0.2163305436	-4.718490229	23.68742698	1	0	32.00292969
       288	       177	-0.418512217	-4.661904079	26.34835552	1	0	36.04785156
       304	       177	-0.5886766643	-5.074499295	25.72028221	1	0	39.72265625
       320	       177	-0.707142921	-5.212481092	27.12513082	1	0	33.01660156
       336	       177	-0.7922414383	-5.040232279	35.68242158	1	0	26.38476562
       352	       177	-0.7991552792	-5.037081639	30.97718388	1	0	26.42773438
       368	       177	-0.7598970118	-5.013035542	25.42444897	1	0	  28.78125
       384	       177	-0.6036091524	-4.899305401	27.03156905	1	0	29.53417969
       400	       177	-0.166505312	-4.882805328	32.14630934	1	0	28.67578125
       416	       177	-0.04996988056	-4.980576015	36.09037859	1	0	 32.671875
       432	       177	0.02648133515	-5.023127813	33.35009777	1	0	30.74316406
       448	       177	0.06062921685	-4.884375875	27.65711437	1	0	 28.328125
       464	       177	0.003950285041	-4.782351455	35.18634759	1	0	30.69824219
         0	       161	1.124308776	-4.108682493	19.21813281	1	0	40.46289062
        16	       161	0.2529667987	-4.72093695	21.5313405	1	0	37.43359375
        32	       161	0.005350716041	-5.076988838	26.21568632	1	0	33.40917969
        48	       161	-0.09462344329	-5.426200203	19.25995009	1	0	23.37597656
        64	       161	-0.6325043086	-5.190069681	21.68736549	1	0	20.45117188
        80	       161	-0.6643840545	-5.168857146	24.24213858	1	0	22.73828125
        96	       161	-0.6129362695	-5.625310307	20.78262053	1	0	19.5859375
       112	       161	-0.3024476448	-6.159745086	31.67176561	1	0	18.6015625
       128	       161	-0.4330691743	-5.208571353	22.93673006	1	0	25.44238281
       144	       161	-0.411289462	-5.065647602	26.86389533	1	0	27.92675781
       160	       161	-0.1445430541	-5.545427357	24.41505232	1	0	24.38964844
       176	       161	-0.1831229485	-5.207826222	29.0195477	1	0	22.55859375
       192	       161	-0.01416143184	-5.097562904	29.88457605	1	0	19.76074219
       208	       161	0.1058261096	-5.390235919	20.43767385	1	0	19.95605469
       224	       161	-0.03498159	-5.813331628	28.94321311	1	0	25.30175781
       240	       161	-0.04497610787	-5.620656578	29.92905195	1	0	26.36230469
       256	       161	0.122456336	-4.553492515	19.70057339	1	0	28.84179688
       272	       161	0.3253594816	-4.337348972	25.71039338	1	0	32.09667969
       288	       161	0.1856268387	-4.677220966	26.19349083	1	0	34.70019531
       304	       161	-0.1256728331	-4.947376109	32.04212652	1	0	40.4296875
       320	       161	-0.3441788754	-5.144523174	30.70333171	1	0	34.68261719
       336	       161	-0.5433719307	-5.102305113	27.3065178	1	0	30.57714844
       352	       161	-0.6314185182	-5.0111556	32.55993363	1	0	35.62597656
       368	       161	-0.7008042785	-5.151748896	33.20380033	1	0	34.24023438
       384	       161	-0.7819926668	-5.108193816	33.25485772	1	0	29.67089844
       400	       161	-0.4950304963	-5.02273586	25.48297831	1	0	28.34472656
       416	       161	-0.3332512815	-5.117248708	31.74372059	1	0	31.56542969
       432	       161	-0.249965892	-5.197391827	35.30165918	1	0	30.62695312
       448	       161	-0.2528817454	-5.268404977	29.37277208	1	0	27.79101562
       464	       161	-0.07999491233	-4.784544337	29.81262357	1	0	32.53222656
         0	       145	1.012007364	-4.605837479	24.51280163	1	0	43.38867188
        16	       145	0.3877582749	-4.906726302	24.37880124	1	0	 43.171875
        32	       145	-0.09107118141	-5.1632514	25.62743577	1	0	31.59277344
        48	       145	-0.1340630395	-5.540376481	20.35487322	1	0	23.47070312
        64	       145	-0.4567274052	-5.411309265	15.47405519	1	0	24.26367188
        80	       145	-0.7087236861	-5.174454781	19.10717672	1	0	21.84082031
        96	       145	-0.1953758638	-5.074544127	19.63064199	1	0	20.95019531
       112	       145	-0.1163908131	-5.321743841	25.33798259	1	0	20.88378906
       128	       145	0.1216654371	-4.717701487	22.07678274	1	0	26.71679688
       144	       145	0.4477685335	-4.844701957	21.81944981	1	0	32.70703125
       160	       145	0.2902426606	-5.561992914	20.58321454	1	0	26.70410156
       176	       145	0.2994571302	-5.488163067	18.82989223	1	0	22.12988281
       192	       145	0.1837034992	-5.126019868	25.94117822	1	0	21.3203125
       208	       145	0.4062673134	-4.971392463	31.54574625	1	0	21.7265625
       224	       145	0.1644684145	-5.33803768	29.34604452	1	0	30.99902344
       240	       145	0.009953836882	-5.330729114	28.63546245	1	0	33.49609375
       256	       145	0.2630308415	-4.185144826	27.52198982	1	0	30.82421875
       272	       145	0.2935298145	-4.171650425	27.46416505	1	0	31.4921875
       288	       145	0.1396981961	-4.623623018	24.14804647	1	0	31.89648438
       304	       145	0.0394988556	-4.966112068	29.86125545	1	0	35.42480469
       320	       145	0.0001215760218	-5.099407265	34.25197834	1	0	32.33886719
       336	       145	-0.1180211801	-5.13130346	30.21844428	1	0	28.43359375
       352	       145	-0.3474987073	-5.042585871	28.61754865	1	0	28.43164062
       368	       145	-0.3003704326	-4.998447777	26.62661258	1	0	26.06152344
       384	       145	-0.2991510977	-5.059040087	25.29369215	1	0	27.53710938
       400	       145	-0.3350437132	-5.151304156	35.72667096	1	0	32.3515625
       416	       145	-0.2782905767	-5.273021267	36.91335762	1	0	32.63671875
       432	       145	-0.1356062785	-5.256735219	35.57300375	1	0	30.41015625
       448	       145	-0.1582213037	-5.255631047	32.92052298	1	0	29.09667969
       464	       145	-0.229069677	-4.425051672	20.87669651	1	0	29.80566406
         0	       129	1.171224333	-5.156413353	27.55367165	1	0	39.41992188
        16	       129	0.9023254292	-5.24776927	27.07651873	1	0	40.41113281
        32	       129	0.104438808	-5.377865376	20.59971333	1	0	30.58007812
        48	       129	0.06638141713	-5.361285308	18.27572684	1	0	29.37304688
        64	       129	7.857386915e-06	-5.469849761	19.60825832	1	0	32.74707031
        80	       129	0.4935393263	-5.214944987	24.56447534	1	0	28.40527344
        96	       129	0.5812455662	-4.839174382	28.02584255	1	0	29.71582031
       112	       129	0.8306690179	-4.93688861	28.97177574	1	0	26.95800781
       128	       129	0.734527661	-4.529092139	23.92783366	1	0	 27.015625
       144	       129	0.6801374213	-4.760088276	25.6711514	1	0	32.56835938
       160	       129	0.5233099583	-5.251739614	22.17806878	1	0	29.56542969
       176	       129	0.6078851105	-5.641013025	19.48176635	1	0	23.39257812
       192	       129	0.2809005505	-4.994130933	23.84191409	1	0	 22.453125
       208	       129	-0.02981690712	-5.076113786	29.14249707	1	0	26.80078125
       224	       129	-0.1943139649	-5.144908819	28.29886985	1	0	33.45214844
       240	       129	-0.2419972336	-4.867064875	 25.344478	1	0	31.57128906
       256	       129	-0.5109335061	-4.160850799	28.14390491	1	0	27.02734375
       272	       129	-0.6166638702	-4.325715315	26.87827972	1	0	29.84179688
       288	       129	-0.6799640069	-4.479495607	22.54886447	1	0	29.47949219
       304	       129	-0.227136478	-4.991089684	25.13061319	1	0	28.24121094
       320	       129	-0.2048805035	-5.240069822	29.84574794	1	0	29.35058594
       336	       129	-0.5907282346	-5.184794194	27.31248043	1	0	28.40917969
       352	       129	-0.6739617763	-5.030900911	27.10118905	1	0	23.77050781
       368	       129	-0.1441297823	-4.946227812	20.29474915	1	0	20.90722656
       384	       129	-0.07347085957	-5.074958035	32.15843636	1	0	24.44042969
       400	       129	-0.1139919327	-5.135423388	38.6444229	1	0	29.60253906
       416	       129	0.0643888826	-5.052049728	43.39499124	1	0	33.19433594
       432	       129	0.0933731064	-5.008352972	41.52885827	1	0	33.25390625
       448	       129	-0.1018616486	-5.090028987	34.57400472	1	0	31.25195312
       464	       129	-0.2025686808	-4.908623034	25.02720542	1	0	27.05859375
         0	       113	1.139364669	-5.239028945	25.82908804	1	0	36.52734375
        16	       113	0.9358965987	-5.328936627	28.54871818	1	0	36.5859375
        32	       113	0.6402124339	-5.531155626	29.99128205	1	0	32.79199219
        48	       113	0.6656628421	-5.355758322	23.01586979	1	0	35.65332031
        64	       113	0.6676997221	-5.105377283	24.35459128	1	0	35.55078125
        80	       113	0.9104503426	-4.802437065	30.98691369	1	0	29.13183594
        96	       113	0.8405970827	-4.670522504	33.17105163	1	0	27.41601562
       112	       113	0.872399938	-4.728117195	33.04894729	1	0	26.72558594
       128	       113	0.7653497027	-4.735206897	30.72394606	1	0	27.14550781
       144	       113	0.4341193963	-4.829513673	27.72908322	1	0	29.27636719
       160	       113	0.1431766805	-5.041336245	31.24373257	1	0	31.3828125
       176	       113	-0.04749220821	-5.102374732	29.56802161	1	0	30.66992188
       192	       113	-0.3590113704	-5.005301057	25.23521768	1	0	29.16015625
       208	       113	-0.3461652065	-5.1450672	27.8442305	1	0	30.23632812
       224	       113	-0.559141715	-5.137329611	33.85877225	1	0	29.94140625
       240	       113	-0.6195829699	-4.811990295	33.17629947	1	0	31.60546875
       256	       113	-0.4618431228	-4.61736779	29.0325135	1	0	30.98242188
       272	       113	-0.5253602599	-4.669302579	28.30226353	1	0	26.54199219
       288	       113	-0.5373146023	-4.652772374	22.86886587	1	0	23.5546875
       304	       113	-0.5343081633	-4.755724603	23.55293231	1	0	 24.828125
       320	       113	-0.5338705675	-5.14152509	27.75541065	1	0	30.20996094
       336	       113	-0.6859156231	-5.032236675	26.57930807	1	0	30.65039062
       352	       113	-0.5925907008	-5.022599266	29.32401868	1	0	26.79003906
       368	       113	-0.3841202702	-4.998193596	26.38627353	1	0	26.9921875
       384	       113	-0.3731464792	-5.028001218	28.05382209	1	0	28.38769531
       400	       113	-0.1607554938	-4.9592714	34.6616805	1	0	32.63964844
       416	       113	-0.004160080579	-4.879532768	42.37211316	1	0	38.60742188
       432	       113	-0.05247444696	-4.904556561	39.31395625	1	0	39.15039062
       448	       113	-0.1550833062	-4.912570606	37.80007984	1	0	33.95996094
       464	       113	-0.092731407	-4.874403043	41.00904994	1	0	 31.078125
         0	        97	1.481765314	-5.127712475	25.16563308	1	0	29.46386719
        16	        97	0.906407582	-5.155674696	25.97033296	1	0	30.38671875
        32	        97	0.5838031672	-5.313029033	27.30516657	1	0	28.97558594
        48	        97	0.6234205733	-5.290197287	22.28426024	1	0	30.84179688
        64	        97	0.6060576174	-4.974740488	19.26489343	1	0	28.19335938
        80	        97	0.7622781582	-4.60860761	22.11256938	1	0	25.43066406
        96	        97	0.283629549	-4.698536953	28.83211878	1	0	26.66601562
       112	        97	0.1958476777	-4.720353101	31.39255946	1	0	26.68261719
       128	        97	0.4180336919	-4.89697434	26.01339976	1	0	24.57128906
       144	        97	0.3727815019	-4.92466085	25.21865196	1	0	25.46972656
       160	        97	0.1227811728	-5.13634365	22.47091225	1	0	29.41699219
       176	        97	0.08496370657	-5.192134468	21.32950312	1	0	37.31640625
       192	        97	-0.1522567627	-4.817004118	23.06880425	1	0	41.17773438
       208	        97	-0.07006443277	-4.753357808	29.91055772	1	0	34.30957031
       224	        97	-0.2472742776	-5.056941844	26.54286504	1	0	26.17089844
       240	        97	-0.490631673	-4.939709723	32.83174134	1	0	28.87792969
       256	        97	-0.4361281967	-4.818868689	32.41903176	1	0	29.38671875
       272	        97	-0.3295522214	-4.678525231	20.50578755	1	0	19.66796875
       288	        97	-0.3772085897	-4.869987455	22.07443569	1	0	16.85644531
       304	        97	-0.3360475479	-4.937346865	25.52138722	1	0	23.58398438
       320	        97	-0.2970415131	-5.008724254	30.54688681	1	0	30.93945312
       336	        97	-0.2728962566	-4.980233739	31.78113398	1	0	30.42578125
       352	        97	-0.3467472129	-4.893008424	34.48295877	1	0	28.5546875
       368	        97	-0.2868934202	-4.871999002	35.76700603	1	0	34.22363281
       384	        97	-0.2618197219	-4.933324965	33.57298076	1	0	34.64257812
       400	        97	-0.2122847585	-4.931169072	35.43718098	1	0	33.59179688
       416	        97	-0.2521277526	-4.831465844	36.70018836	1	0	32.81640625
       432	        97	-0.2362404131	-4.813628812	 37.008974	1	0	32.40820312
       448	        97	-0.128262871	-4.724925466	32.45110313	1	0	31.33300781
       464	        97	-0.02641699574	-4.763553335	32.43391036	1	0	29.91015625
         0	        81	1.644043783	-4.93645194	18.48063124	1	0	32.1015625
        16	        81	1.294111477	-5.245141702	17.42905214	1	0	27.86621094
        32	        81	0.7590013513	-5.31226213	20.84660023	1	0	 22.515625
        48	        81	0.4413317019	-5.316159177	18.36645664	1	0	24.56933594
        64	        81	0.7328544399	-4.842195082	19.38975953	1	0	24.63867188
        80	        81	0.6280773652	-4.832041488	19.56905892	1	0	25.55566406
        96	        81	0.1428859146	-4.921946729	32.38846873	1	0	26.3515625
       112	        81	-0.04699010343	-4.905997669	35.84081311	1	0	27.72949219
       128	        81	0.05754168879	-4.781706253	32.46861151	1	0	25.26464844
       144	        81	0.113957553	-4.629588079	23.16003275	1	0	25.44042969
       160	        81	0.04420640937	-4.544651895	22.70169072	1	0	27.74316406
       176	        81	0.2107129183	-4.847840609	27.89877227	1	0	32.02148438
       192	        81	0.1756584493	-4.621442926	25.36348011	1	0	36.65332031
       208	        81	0.1164163678	-4.648529068	28.32676783	1	0	31.51074219
       224	        81	0.1643172541	-5.244590383	29.44732573	1	0	21.25195312
       240	        81	0.00462389985	-4.974598994	27.45955553	1	0	22.04199219
       256	        81	0.02944443864	-5.004548944	31.52441464	1	0	26.93847656
       272	        81	-0.004070046277	-4.998560608	26.0667176	1	0	21.55664062
       288	        81	-0.2750360439	-4.787290379	27.58810056	1	0	21.00878906
       304	        81	-0.2307304736	-4.770267865	34.64586113	1	0	24.62890625
       320	        81	-0.3801507064	-4.828128916	37.26102311	1	0	24.6328125
       336	        81	-0.4766698893	-5.138840826	36.5278535	1	0	25.91796875
       352	        81	-0.5141657994	-5.219185038	31.62017159	1	0	30.89746094
       368	        81	-0.4448646942	-5.027933478	36.29734205	1	0	36.15917969
       384	        81	-0.3511165609	-4.961148201	 36.476732	1	0	32.38085938
       400	        81	-0.2663057611	-4.934710909	27.96798126	1	0	26.66503906
       416	        81	-0.2370391535	-4.770937179	31.34951015	1	0	 26.296875
       432	        81	0.001630810656	-4.61410703	29.65398862	1	0	31.23144531
       448	        81	0.2142336941	-4.602437038	30.43400999	1	0	32.1953125
       464	        81	0.3520636998	-4.672298427	24.73032289	1	0	30.00878906
         0	        65	0.9359903421	-5.503137741	23.89434654	1	0	   31.0625
        16	        65	0.7162220928	-5.691812027	24.94019327	1	0	25.67089844
        32	        65	0.7538862086	-5.133567555	22.94176102	1	0	21.91894531
        48	        65	0.7602861052	-4.672967105	29.53867245	1	0	23.18945312
        64	        65	1.049798115	-4.960198081	32.68172223	1	0	25.76269531
        80	        65	0.7547608727	-5.108632777	25.75590182	1	0	30.40039062
        96	        65	0.1300043993	-5.102044673	35.0754039	1	0	  30.96875
       112	        65	-0.1156452985	-4.96253566	38.00160308	1	0	29.92675781
       128	        65	-0.05689782952	-4.867530168	38.95734851	1	0	28.40332031
       144	        65	-0.04552133727	-4.726135154	30.01125966	1	0	27.10058594
       160	        65	0.1794903578	-4.487461871	23.14512798	1	0	26.18847656
       176	        65	0.1947326573	-4.655288556	26.59466086	1	0	28.22558594
       192	        65	0.3188023201	-4.540064768	24.25082475	1	0	31.86816406
       208	        65	0.1086475878	-4.566770148	24.33750807	1	0	28.8203125
       224	        65	-0.1048883764	-4.826741244	27.88275292	1	0	22.09765625
       240	        65	0.3457762029	-4.651901118	31.32676181	1	0	25.03613281
       256	        65	0.2783775121	-4.880056125	31.80674785	1	0	28.67578125
       272	        65	0.02728874023	-4.913999448	30.45290561	1	0	25.58789062
       288	        65	-0.4333822127	-4.745768795	32.18863353	1	0	25.84960938
       304	        65	-0.450255408	-4.741179805	36.31790426	1	0	25.04492188
       320	        65	-0.3972503822	-4.865678567	33.55661537	1	0	22.03710938
       336	        65	-0.4587605553	-5.067600036	27.08046524	1	0	24.65820312
       352	        65	-0.4829140833	-5.20355132	28.9509257	1	0	29.96582031
       368	        65	-0.4963563657	-5.238046119	29.09267004	1	0	34.64160156
       384	        65	-0.5067717585	-5.1721289	24.6991611	1	0	31.17578125
       400	        65	-0.3640632141	-4.993096822	25.38359504	1	0	  26.15625
       416	        65	-0.1507812891	-4.80769779	31.01159777	1	0	30.32128906
       432	        65	0.07135154238	-4.760222214	31.42919062	1	0	36.62988281
       448	        65	0.3238696952	-4.853309683	31.52091258	1	0	38.16992188
       464	        65	0.5881352743	-5.050431232	28.91832507	1	0	36.69921875
         0	        49	1.073400485	-5.323374773	19.37296389	1	0	32.62695312
        16	        49	0.6284057816	-5.567579179	20.48965522	1	0	25.72265625
        32	        49	0.08805055896	-4.876323626	24.42135672	1	0	23.85546875
        48	        49	0.02999397464	-4.527543647	27.30033529	1	0	 22.890625
        64	        49	0.7331647572	-5.158186294	27.93170783	1	0	21.98730469
        80	        49	0.5959300515	-5.314296894	27.57726153	1	0	30.50195312
        96	        49	0.2676081001	-5.121910573	32.80139564	1	0	35.77148438
       112	        49	0.03248479694	-5.047495275	37.73790566	1	0	31.57226562
       128	        49	-0.08292320894	-4.974117599	41.39345198	1	0	30.14746094
       144	        49	-0.03764093749	-4.698987907	37.49437533	1	0	26.57714844
       160	        49	0.178299486	-4.211362851	28.92881946	1	0	24.6328125
       176	        49	0.3626109268	-4.526532072	24.9963297	1	0	28.74121094
       192	        49	0.5715441358	-4.720660075	32.50226969	1	0	30.98144531
       208	        49	0.4398690298	-4.770412909	31.19781691	1	0	29.83300781
       224	        49	-0.06455813213	-4.598642046	25.78717718	1	0	31.55957031
       240	        49	-0.0178079872	-4.636648513	32.58358173	1	0	35.15722656
       256	        49	-0.04525203703	-4.927386603	36.64958222	1	0	29.5859375
       272	        49	-0.2823059361	-4.854579353	30.22999958	1	0	29.96386719
       288	        49	-0.4400724272	-4.820638481	25.11067932	1	0	30.48535156
       304	        49	-0.3721350444	-4.934973242	26.7572336	1	0	23.64160156
       320	        49	-0.3862438182	-5.072843463	37.4629617	1	0	20.25488281
       336	        49	-0.4361785933	-5.058437021	30.8578087	1	0	26.64453125
       352	        49	-0.2971478046	-5.098690387	34.65285241	1	0	29.45507812
       368	        49	-0.2897473839	-5.403017818	29.37602648	1	0	32.50878906
       384	        49	-0.3135294858	-5.396450899	26.79124423	1	0	32.60839844
       400	        49	-0.1185691355	-5.252007954	26.37310002	1	0	25.34863281
       416	        49	-0.1244110006	-5.202833222	30.90191967	1	0	28.7578125
       432	        49	0.004829105967	-5.090852042	39.48300242	1	0	31.56835938
       448	        49	0.2388294051	-5.11655569	37.68259981	1	0	34.20117188
       464	        49	0.48338058	-5.172626234	28.48558434	1	0	34.59667969
         0	        33	0.9209658305	-5.333789029	25.58908021	1	0	32.19921875
        16	        33	0.4237382786	-5.664371428	17.60805857	1	0	29.38476562
        32	        33	0.01564555483	-4.880064288	19.28642506	1	0	27.84082031
        48	        33	-0.1637899302	-4.477878766	28.48539842	1	0	    22.125
        64	        33	0.296091256	-5.182946654	22.52110933	1	0	20.72558594
        80	        33	0.3966412562	-5.416281306	27.66248592	1	0	28.47949219
        96	        33	0.2936850222	-5.198533757	27.77728086	1	0	35.63867188
       112	        33	0.1240571972	-5.13353193	36.17541887	1	0	36.82617188
       128	        33	0.06749939494	-5.095201211	42.51284019	1	0	35.17285156
       144	        33	0.1069954694	-4.821874898	34.28393756	1	0	30.43359375
       160	        33	0.1242082409	-4.499186621	26.99538932	1	0	28.86132812
       176	        33	0.1699314649	-4.480078553	31.56848804	1	0	30.62890625
       192	        33	0.4217151876	-4.732572156	30.67855065	1	0	29.88085938
       208	        33	0.6072741359	-4.908242368	32.39328121	1	0	27.89941406
       224	        33	0.1271083304	-4.597173564	30.32633881	1	0	31.61425781
       240	        33	-0.2065102309	-4.655898346	36.55137289	1	0	35.42773438
       256	        33	-0.3774436739	-4.966842945	37.13616529	1	0	 30.953125
       272	        33	-0.3717936659	-4.923898125	36.28362226	1	0	30.60253906
       288	        33	-0.3041749888	-4.945280262	36.57986634	1	0	29.77734375
       304	        33	-0.2143188614	-5.131086285	42.49490887	1	0	24.03710938
       320	        33	-0.1501213302	-5.182850519	35.28775525	1	0	21.39550781
       336	        33	-0.2616714571	-5.197604392	27.97581115	1	0	26.64453125
       352	        33	-0.2194071981	-5.242439059	35.46040529	1	0	29.29394531
       368	        33	-0.1588089101	-5.379672926	31.25516105	1	0	30.05175781
       384	        33	-0.2005727761	-5.34773167	31.35170028	1	0	32.08007812
       400	        33	-0.05574861568	-5.304463963	31.13264671	1	0	28.44628906
       416	        33	-0.03703722441	-5.293642189	27.95749011	1	0	29.98144531
       432	        33	-0.2387322084	-5.27661024	27.49075602	1	0	29.35253906
       448	        33	-0.1232058838	-5.268278886	28.07446718	1	0	28.81054688
       464	        33	0.063246717	-5.157800658	32.37424929	1	0	32.42285156
